# 배열 생성
y <- c(1,2,3,4,5,6)

# 2행 2열 3차원 배열 생성
array(y,dim=c(2,2,3))
